0.810000000000000
0.589437000000000
0.926863918208730
0.259624958119609
0.736201984293031
0.743819024619414
0.729815244784833
0.755218371002987
0.708027523282888
0.791755024802497
0.631486591074554
0.891284188487881
0.371114299104826
0.893877863481230
0.363314675765738
0.885944577792273
0.387009178402609
0.908602674319079
0.318057962885506
0.830715874350306
0.538601450033890
0.951793024451727
0.175732131507397
0.554776838444300
0.946008077225280
0.195624125040766
0.602670901424928
0.917126767382270
0.291100145544223
0.790362058596000
0.634592220973831
0.888119297424259
0.380561864003224
0.902863256294628
0.335895583467047
0.854357106016872
0.476570888620780
0.955397623914124
0.163207805830808
0.523066998735866
0.955462108970494
0.162982843728934
0.522486441331433
0.955563398632430
0.162629421035379
0.521573584079962
0.955717443199889
0.162091773819655
0.520183057503069
0.955939827247041
0.161315287151666
0.518170908033283
0.956235403327772
0.160282653353822
0.515487836404816
0.956581286116996
0.159073416712482
0.512335518214253
0.956917208013178
0.157898127032124
0.509260961600468
0.957171518480599
0.157007796303250
0.506924813618436
0.957316339842820
0.156500561147895
0.505591158996746
0.957380270144310
0.156276594888810
0.505001665582684
0.957404186197558
0.156192802019477
0.504781018662272
0.957412453325910
0.156163836087284
0.504704731837568
0.957415224858629
0.156154125218639
0.504679155136069
0.957416144092624
0.156150904402759
0.504670671920153
0.957416447875209
0.156149840006657
0.504667868419877
0.957416548146908
0.156149488673636
0.504666943046090
0.957416581231175
0.156149372752621
0.504666637722266
0.957416592145774
0.156149334509930
0.504666536994999
0.957416595746377
0.156149321894098
0.504666503766207
0.957416596934158
0.156149317732337
0.504666492804560
0.957416597325986
0.156149316359445
0.504666489188504
0.957416597455243
0.156149315906552
0.504666487995633
0.957416597497883
0.156149315757151
0.504666487602126
0.957416597511949
0.156149315707867
0.504666487472316
0.957416597516589
0.156149315691609
0.504666487429494
0.957416597518120
0.156149315686245
0.504666487415367
0.957416597518625
0.156149315684476
0.504666487410707
0.957416597518791
0.156149315683892
0.504666487409169
0.957416597518846
0.156149315683700
0.504666487408663
0.957416597518864
0.156149315683637
0.504666487408496
0.957416597518870
0.156149315683616
0.504666487408441
0.957416597518872
0.156149315683609
0.504666487408423
0.957416597518873
0.156149315683606
0.504666487408416
0.957416597518873
0.156149315683606
0.504666487408414
0.957416597518873
0.156149315683605
0.504666487408413
0.957416597518873
0.156149315683605
0.504666487408413
0.957416597518873
0.156149315683605
0.504666487408413
0.957416597518873
0.156149315683605
0.504666487408413
0.957416597518873
0.156149315683605
0.504666487408413
0.957416597518873
0.156149315683605
0.504666487408413
0.957416597518873
0.156149315683605
0.504666487408413
0.957416597518873
0.156149315683605
0.504666487408413
0.957416597518873
0.156149315683605
0.504666487408413
0.957416597518873
0.156149315683605
0.504666487408413
0.957416597518873
0.156149315683605
0.504666487408413
0.957416597518873
0.156149315683605
0.504666487408413
0.957416597518873
0.156149315683605
0.504666487408413
0.957416597518873
0.156149315683605
0.504666487408413
0.957416597518873
0.156149315683605
0.504666487408413
0.957416597518873
0.156149315683605
0.504666487408413
0.957416597518873
0.156149315683605
0.504666487408413
0.957416597518873
0.156149315683605
0.504666487408413
0.957416597518873
0.156149315683605
0.504666487408413
0.957416597518873
0.156149315683605
0.504666487408413
0.957416597518873
0.156149315683605
0.504666487408413
0.957416597518873
0.156149315683605
0.504666487408413
0.957416597518873
0.156149315683605
0.504666487408413
0.957416597518873
0.156149315683605
0.504666487408413
0.957416597518873
0.156149315683605
0.504666487408413
0.957416597518873
0.156149315683605
0.504666487408413
0.957416597518873
0.156149315683605
0.504666487408413
0.957416597518873
0.156149315683605
0.504666487408413
0.957416597518873
0.156149315683605
0.504666487408413
0.957416597518873
0.156149315683605
0.504666487408413
0.957416597518873
0.156149315683605
0.504666487408413
0.957416597518873
0.156149315683605
0.504666487408413
0.957416597518873
0.156149315683605
0.504666487408413
0.957416597518873
0.156149315683605
0.504666487408413
0.957416597518873
0.156149315683605
0.504666487408413
0.957416597518873
0.156149315683605
0.504666487408413
0.957416597518873
0.156149315683605
0.504666487408413
0.957416597518873
0.156149315683605
0.504666487408413
0.957416597518873
0.156149315683605
0.504666487408413
0.957416597518873
0.156149315683605
0.504666487408413
0.957416597518873
0.156149315683605
0.504666487408413
0.957416597518873
0.156149315683605
0.504666487408413
0.957416597518873
0.156149315683605
0.504666487408413
0.957416597518873
0.156149315683605
0.504666487408413
0.957416597518873
0.156149315683605
0.504666487408413
0.957416597518873
0.156149315683605
0.504666487408413
0.957416597518873
0.156149315683605
0.504666487408413
0.957416597518873
0.156149315683605
0.504666487408413
0.957416597518873
0.156149315683605
0.504666487408413
0.957416597518873
0.156149315683605
0.504666487408413
0.957416597518873
0.156149315683605
0.504666487408413
0.957416597518873
0.156149315683605
0.504666487408413
0.957416597518873
0.156149315683605
0.504666487408413
0.957416597518873
0.156149315683605
0.504666487408413
0.957416597518873
0.156149315683605
0.504666487408413
0.957416597518873
0.156149315683605
0.504666487408413
0.957416597518873
0.156149315683605
0.504666487408413
0.957416597518873
0.156149315683605
0.504666487408413
0.957416597518873
0.156149315683605
0.504666487408413
0.957416597518873
0.156149315683605
0.504666487408413
0.957416597518873
0.156149315683605
0.504666487408413
0.957416597518873
0.156149315683605
0.504666487408413
0.957416597518873
0.156149315683605
0.504666487408413
0.957416597518873
0.156149315683605
0.504666487408413
0.957416597518873
0.156149315683605
0.504666487408413
0.957416597518873
0.156149315683605
0.504666487408413
0.957416597518873
0.156149315683605
0.504666487408413
0.957416597518873
0.156149315683605
0.504666487408413
0.957416597518873
0.156149315683605
0.504666487408413
0.957416597518873
0.156149315683605
0.504666487408413
0.957416597518873
0.156149315683605
0.504666487408413
0.957416597518873
0.156149315683605
0.504666487408413
0.957416597518873
0.156149315683605
0.504666487408413
0.957416597518873
0.156149315683605
0.504666487408413
0.957416597518873
0.156149315683605
0.504666487408413
0.957416597518873
0.156149315683605
0.504666487408413
0.957416597518873
0.156149315683605
0.504666487408413
0.957416597518873
0.156149315683605
0.504666487408413
0.957416597518873
0.156149315683605
0.504666487408413
0.957416597518873
0.156149315683605
0.504666487408413
0.957416597518873
0.156149315683605
0.504666487408413
0.957416597518873
0.156149315683605
0.504666487408413
0.957416597518873
0.156149315683605
0.504666487408413
0.957416597518873
0.156149315683605
0.504666487408413
0.957416597518873
0.156149315683605
0.504666487408413
0.957416597518873
0.156149315683605
0.504666487408413
0.957416597518873
0.156149315683605
0.504666487408413
0.957416597518873
0.156149315683605
0.504666487408413
0.957416597518873
0.156149315683605
0.504666487408413
0.957416597518873
0.156149315683605
0.504666487408413
0.957416597518873
0.156149315683605
0.504666487408413
0.957416597518873
0.156149315683605
0.504666487408413
0.957416597518873
0.156149315683605
0.504666487408413
0.957416597518873
0.156149315683605
0.504666487408413
0.957416597518873
0.156149315683605
0.504666487408413
0.957416597518873
0.156149315683605
0.504666487408413
0.957416597518873
0.156149315683605
0.504666487408413
0.957416597518873
0.156149315683605
0.504666487408413
0.957416597518873
0.156149315683605
0.504666487408413
0.957416597518873
0.156149315683605
0.504666487408413
0.957416597518873
0.156149315683605
0.504666487408413
0.957416597518873
0.156149315683605
0.504666487408413
0.957416597518873
0.156149315683605
0.504666487408413
0.957416597518873
0.156149315683605
0.504666487408413
0.957416597518873
0.156149315683605
0.504666487408413
0.957416597518873
0.156149315683605
0.504666487408413
0.957416597518873
0.156149315683605
0.504666487408413
0.957416597518873
0.156149315683605
0.504666487408413
0.957416597518873
0.156149315683605
0.504666487408413
0.957416597518873
0.156149315683605
0.504666487408413
0.957416597518873
0.156149315683605
0.504666487408413
0.957416597518873
0.156149315683605
0.504666487408413
0.957416597518873
0.156149315683605
0.504666487408413
0.957416597518873
0.156149315683605
0.504666487408413
0.957416597518873
0.156149315683605
0.504666487408413
0.957416597518873
0.156149315683605
0.504666487408413
0.957416597518873
0.156149315683605
0.504666487408413
0.957416597518873
0.156149315683605
0.504666487408413
0.957416597518873
0.156149315683605
0.504666487408413
0.957416597518873
0.156149315683605
0.504666487408413
0.957416597518873
0.156149315683605
0.504666487408413
0.957416597518873
0.156149315683605
0.504666487408413
0.957416597518873
0.156149315683605
0.504666487408413
0.957416597518873
0.156149315683605
0.504666487408413
0.957416597518873
0.156149315683605
0.504666487408413
0.957416597518873
0.156149315683605
0.504666487408413
0.957416597518873
0.156149315683605
0.504666487408413
0.957416597518873
0.156149315683605
0.504666487408413
0.957416597518873
0.156149315683605
0.504666487408413
0.957416597518873
0.156149315683605
0.504666487408413
0.957416597518873
0.156149315683605
0.504666487408413
0.957416597518873
0.156149315683605
0.504666487408413
0.957416597518873
0.156149315683605
0.504666487408413
0.957416597518873
0.156149315683605
0.504666487408413
0.957416597518873
0.156149315683605
0.504666487408413
0.957416597518873
0.156149315683605
0.504666487408413
0.957416597518873
0.156149315683605
0.504666487408413
0.957416597518873
0.156149315683605
0.504666487408413
0.957416597518873
0.156149315683605
0.504666487408413
0.957416597518873
0.156149315683605
0.504666487408413
0.957416597518873
0.156149315683605
0.504666487408413
0.957416597518873
0.156149315683605
0.504666487408413
0.957416597518873
0.156149315683605
0.504666487408413
0.957416597518873
0.156149315683605
0.504666487408413
0.957416597518873
0.156149315683605
0.504666487408413
0.957416597518873
0.156149315683605
0.504666487408413
0.957416597518873
0.156149315683605
0.504666487408413
0.957416597518873
0.156149315683605
0.504666487408413
0.957416597518873
0.156149315683605
0.504666487408413
0.957416597518873
0.156149315683605
0.504666487408413
0.957416597518873
0.156149315683605
0.504666487408413
0.957416597518873
0.156149315683605
0.504666487408413
0.957416597518873
0.156149315683605
0.504666487408413
0.957416597518873
0.156149315683605
0.504666487408413
0.957416597518873
0.156149315683605
0.504666487408413
0.957416597518873
0.156149315683605
0.504666487408413
0.957416597518873
0.156149315683605
0.504666487408413
0.957416597518873
0.156149315683605
0.504666487408413
0.957416597518873
0.156149315683605
0.504666487408413
0.957416597518873
0.156149315683605
0.504666487408413
0.957416597518873
0.156149315683605
0.504666487408413
0.957416597518873
0.156149315683605
0.504666487408413
0.957416597518873
0.156149315683605
0.504666487408413
0.957416597518873
0.156149315683605
0.504666487408413
0.957416597518873
0.156149315683605
0.504666487408413
0.957416597518873
0.156149315683605
0.504666487408413
0.957416597518873
0.156149315683605
0.504666487408413
0.957416597518873
0.156149315683605
0.504666487408413
0.957416597518873
0.156149315683605
0.504666487408413
0.957416597518873
0.156149315683605
0.504666487408413
0.957416597518873
0.156149315683605
0.504666487408413
0.957416597518873
0.156149315683605
0.504666487408413
0.957416597518873
0.156149315683605
0.504666487408413
0.957416597518873
0.156149315683605
0.504666487408413
0.957416597518873
0.156149315683605
0.504666487408413
0.957416597518873
0.156149315683605
0.504666487408413
0.957416597518873
0.156149315683605
0.504666487408413
0.957416597518873
0.156149315683605
0.504666487408413
0.957416597518873
0.156149315683605
0.504666487408413
0.957416597518873
0.156149315683605
0.504666487408413
0.957416597518873
0.156149315683605
0.504666487408413
0.957416597518873
0.156149315683605
0.504666487408413
0.957416597518873
0.156149315683605
0.504666487408413
0.957416597518873
0.156149315683605
0.504666487408413
0.957416597518873
0.156149315683605
0.504666487408413
0.957416597518873
0.156149315683605
0.504666487408413
0.957416597518873
0.156149315683605
0.504666487408413
0.957416597518873
0.156149315683605
0.504666487408413
0.957416597518873
0.156149315683605
0.504666487408413
0.957416597518873
0.156149315683605
0.504666487408413
0.957416597518873
0.156149315683605
0.504666487408413
0.957416597518873
0.156149315683605
0.504666487408413
0.957416597518873
0.156149315683605
0.504666487408413
0.957416597518873
0.156149315683605
0.504666487408413
0.957416597518873
0.156149315683605
0.504666487408413
0.957416597518873
0.156149315683605
0.504666487408413
0.957416597518873
0.156149315683605
0.504666487408413
0.957416597518873
0.156149315683605
0.504666487408413
0.957416597518873
0.156149315683605
0.504666487408413
0.957416597518873
0.156149315683605
0.504666487408413
0.957416597518873
0.156149315683605
0.504666487408413
0.957416597518873
0.156149315683605
0.504666487408413
0.957416597518873
0.156149315683605
0.504666487408413
0.957416597518873
0.156149315683605
0.504666487408413
0.957416597518873
0.156149315683605
0.504666487408413
0.957416597518873
0.156149315683605
0.504666487408413
0.957416597518873
0.156149315683605
0.504666487408413
0.957416597518873
0.156149315683605
0.504666487408413
0.957416597518873
0.156149315683605
0.504666487408413
0.957416597518873
0.156149315683605
0.504666487408413
0.957416597518873
0.156149315683605
0.504666487408413
0.957416597518873
0.156149315683605
0.504666487408413
0.957416597518873
0.156149315683605
0.504666487408413
0.957416597518873
0.156149315683605
0.504666487408413
0.957416597518873
0.156149315683605
0.504666487408413
0.957416597518873
0.156149315683605
0.504666487408413
0.957416597518873
0.156149315683605
0.504666487408413
0.957416597518873
0.156149315683605
0.504666487408413
0.957416597518873
0.156149315683605
0.504666487408413
0.957416597518873
0.156149315683605
0.504666487408413
0.957416597518873
0.156149315683605
0.504666487408413
0.957416597518873
0.156149315683605
0.504666487408413
0.957416597518873
0.156149315683605
0.504666487408413
0.957416597518873
0.156149315683605
0.504666487408413
0.957416597518873
0.156149315683605
0.504666487408413
0.957416597518873
0.156149315683605
0.504666487408413
0.957416597518873
0.156149315683605
0.504666487408413
0.957416597518873
0.156149315683605
0.504666487408413
0.957416597518873
0.156149315683605
0.504666487408413
0.957416597518873
0.156149315683605
0.504666487408413
0.957416597518873
0.156149315683605
0.504666487408413
0.957416597518873
0.156149315683605
0.504666487408413
0.957416597518873
0.156149315683605
0.504666487408413
0.957416597518873
0.156149315683605
0.504666487408413
0.957416597518873
0.156149315683605
0.504666487408413
0.957416597518873
0.156149315683605
0.504666487408413
0.957416597518873
0.156149315683605
0.504666487408413
0.957416597518873
0.156149315683605
0.504666487408413
0.957416597518873
0.156149315683605
0.504666487408413
0.957416597518873
0.156149315683605
0.504666487408413
0.957416597518873
0.156149315683605
0.504666487408413
0.957416597518873
0.156149315683605
0.504666487408413
0.957416597518873
0.156149315683605
0.504666487408413
0.957416597518873
0.156149315683605
0.504666487408413
0.957416597518873
0.156149315683605
0.504666487408413
0.957416597518873
0.156149315683605
0.504666487408413
0.957416597518873
0.156149315683605
0.504666487408413
0.957416597518873
0.156149315683605
0.504666487408413
0.957416597518873
0.156149315683605
0.504666487408413
0.957416597518873
0.156149315683605
0.504666487408413
0.957416597518873
0.156149315683605
0.504666487408413
0.957416597518873
0.156149315683605
0.504666487408413
0.957416597518873
0.156149315683605
0.504666487408413
0.957416597518873
0.156149315683605
0.504666487408413
0.957416597518873
0.156149315683605
0.504666487408413
0.957416597518873
0.156149315683605
0.504666487408413
0.957416597518873
0.156149315683605
0.504666487408413
0.957416597518873
0.156149315683605
0.504666487408413
0.957416597518873
0.156149315683605
0.504666487408413
0.957416597518873
0.156149315683605
0.504666487408413
0.957416597518873
0.156149315683605
0.504666487408413
0.957416597518873
0.156149315683605
0.504666487408413
0.957416597518873
0.156149315683605
0.504666487408413
0.957416597518873
0.156149315683605
0.504666487408413
0.957416597518873
0.156149315683605
0.504666487408413
0.957416597518873
0.156149315683605
0.504666487408413
0.957416597518873
0.156149315683605
0.504666487408413
0.957416597518873
0.156149315683605
0.504666487408413
0.957416597518873
0.156149315683605
0.504666487408413
0.957416597518873
0.156149315683605
0.504666487408413
0.957416597518873
0.156149315683605
0.504666487408413
0.957416597518873
0.156149315683605
0.504666487408413
0.957416597518873
0.156149315683605
0.504666487408413
0.957416597518873
0.156149315683605
0.504666487408413
0.957416597518873
0.156149315683605
0.504666487408413
0.957416597518873
0.156149315683605
0.504666487408413
0.957416597518873
0.156149315683605
0.504666487408413
0.957416597518873
0.156149315683605
0.504666487408413
0.957416597518873
0.156149315683605
0.504666487408413
0.957416597518873
0.156149315683605
0.504666487408413
0.957416597518873
0.156149315683605
0.504666487408413
0.957416597518873
0.156149315683605
0.504666487408413
0.957416597518873
0.156149315683605
0.504666487408413
0.957416597518873
0.156149315683605
0.504666487408413
0.957416597518873
0.156149315683605
0.504666487408413
0.957416597518873
0.156149315683605
0.504666487408413
0.957416597518873
0.156149315683605
0.504666487408413
0.957416597518873
0.156149315683605
0.504666487408413
0.957416597518873
0.156149315683605
0.504666487408413
0.957416597518873
0.156149315683605
0.504666487408413
0.957416597518873
0.156149315683605
0.504666487408413
0.957416597518873
0.156149315683605
0.504666487408413
0.957416597518873
0.156149315683605
0.504666487408413
0.957416597518873
0.156149315683605
0.504666487408413
0.957416597518873
0.156149315683605
0.504666487408413
0.957416597518873
0.156149315683605
0.504666487408413
0.957416597518873
0.156149315683605
0.504666487408413
0.957416597518873
0.156149315683605
0.504666487408413
0.957416597518873
0.156149315683605
0.504666487408413
0.957416597518873
0.156149315683605
0.504666487408413
0.957416597518873
0.156149315683605
0.504666487408413
0.957416597518873
0.156149315683605
0.504666487408413
0.957416597518873
0.156149315683605
0.504666487408413
0.957416597518873
0.156149315683605
0.504666487408413
0.957416597518873
0.156149315683605
0.504666487408413
0.957416597518873
0.156149315683605
0.504666487408413
0.957416597518873
0.156149315683605
0.504666487408413
0.957416597518873
0.156149315683605
0.504666487408413
0.957416597518873
0.156149315683605
0.504666487408413
0.957416597518873
0.156149315683605
0.504666487408413
0.957416597518873
0.156149315683605
0.504666487408413
0.957416597518873
0.156149315683605
0.504666487408413
0.957416597518873
0.156149315683605
0.504666487408413
0.957416597518873
0.156149315683605
0.504666487408413
0.957416597518873
0.156149315683605
0.504666487408413
0.957416597518873
0.156149315683605
0.504666487408413
0.957416597518873
0.156149315683605
0.504666487408413
0.957416597518873
0.156149315683605
0.504666487408413
0.957416597518873
0.156149315683605
0.504666487408413
0.957416597518873
0.156149315683605
0.504666487408413
0.957416597518873
0.156149315683605
0.504666487408413
0.957416597518873
0.156149315683605
0.504666487408413
0.957416597518873
0.156149315683605
0.504666487408413
0.957416597518873
0.156149315683605
0.504666487408413
0.957416597518873
0.156149315683605
0.504666487408413
0.957416597518873
0.156149315683605
0.504666487408413
0.957416597518873
0.156149315683605
0.504666487408413
0.957416597518873
0.156149315683605
0.504666487408413
0.957416597518873
0.156149315683605
0.504666487408413
0.957416597518873
0.156149315683605
0.504666487408413
0.957416597518873
0.156149315683605
0.504666487408413
0.957416597518873
0.156149315683605
0.504666487408413
0.957416597518873
0.156149315683605
0.504666487408413
0.957416597518873
0.156149315683605
0.504666487408413
0.957416597518873
0.156149315683605
0.504666487408413
0.957416597518873
0.156149315683605
0.504666487408413
0.957416597518873
0.156149315683605
0.504666487408413
0.957416597518873
0.156149315683605
0.504666487408413
0.957416597518873
0.156149315683605
0.504666487408413
0.957416597518873
0.156149315683605
0.504666487408413
0.957416597518873
0.156149315683605
0.504666487408413
0.957416597518873
0.156149315683605
0.504666487408413
0.957416597518873
0.156149315683605
0.504666487408413
0.957416597518873
0.156149315683605
0.504666487408413
0.957416597518873
0.156149315683605
0.504666487408413
0.957416597518873
0.156149315683605
0.504666487408413
0.957416597518873
0.156149315683605
0.504666487408413
0.957416597518873
0.156149315683605
0.504666487408413
0.957416597518873
0.156149315683605
0.504666487408413
0.957416597518873
0.156149315683605
0.504666487408413
0.957416597518873
0.156149315683605
0.504666487408413
0.957416597518873
0.156149315683605
0.504666487408413
0.957416597518873
0.156149315683605
0.504666487408413
0.957416597518873
0.156149315683605
0.504666487408413
0.957416597518873
0.156149315683605
0.504666487408413
0.957416597518873
0.156149315683605
0.504666487408413
0.957416597518873
0.156149315683605
0.504666487408413
0.957416597518873
0.156149315683605
0.504666487408413
0.957416597518873
0.156149315683605
0.504666487408413
0.957416597518873
0.156149315683605
0.504666487408413
0.957416597518873
0.156149315683605
0.504666487408413
0.957416597518873
0.156149315683605
0.504666487408413
0.957416597518873
0.156149315683605
0.504666487408413
0.957416597518873
0.156149315683605
0.504666487408413
0.957416597518873
0.156149315683605
0.504666487408413
0.957416597518873
0.156149315683605
0.504666487408413
0.957416597518873
0.156149315683605
0.504666487408413
0.957416597518873
0.156149315683605
0.504666487408413
0.957416597518873
0.156149315683605
0.504666487408413
0.957416597518873
0.156149315683605
0.504666487408413
0.957416597518873
0.156149315683605
0.504666487408413
0.957416597518873
0.156149315683605
0.504666487408413
0.957416597518873
0.156149315683605
0.504666487408413
0.957416597518873
0.156149315683605
0.504666487408413
0.957416597518873
0.156149315683605
0.504666487408413
0.957416597518873
0.156149315683605
0.504666487408413
0.957416597518873
0.156149315683605
0.504666487408413
0.957416597518873
0.156149315683605
0.504666487408413
0.957416597518873
0.156149315683605
0.504666487408413
0.957416597518873
0.156149315683605
0.504666487408413
0.957416597518873
0.156149315683605
0.504666487408413
0.957416597518873
0.156149315683605
0.504666487408413
0.957416597518873
0.156149315683605
0.504666487408413
0.957416597518873
0.156149315683605
0.504666487408413
0.957416597518873
0.156149315683605
0.504666487408413
0.957416597518873
0.156149315683605
0.504666487408413
0.957416597518873
0.156149315683605
0.504666487408413
0.957416597518873
0.156149315683605
0.504666487408413
0.957416597518873
0.156149315683605
0.504666487408413
0.957416597518873
0.156149315683605
0.504666487408413
0.957416597518873
0.156149315683605
0.504666487408413
0.957416597518873
0.156149315683605
0.504666487408413
0.957416597518873
0.156149315683605
0.504666487408413
0.957416597518873
0.156149315683605
0.504666487408413
0.957416597518873
0.156149315683605
0.504666487408413
0.957416597518873
0.156149315683605
0.504666487408413
0.957416597518873
0.156149315683605
0.504666487408413
0.957416597518873
0.156149315683605
0.504666487408413
0.957416597518873
0.156149315683605
0.504666487408413
0.957416597518873
0.156149315683605
0.504666487408413
0.957416597518873
0.156149315683605
0.504666487408413
0.957416597518873
0.156149315683605
0.504666487408413
0.957416597518873
0.156149315683605
0.504666487408413
0.957416597518873
0.156149315683605
0.504666487408413
0.957416597518873
0.156149315683605
0.504666487408413
0.957416597518873
0.156149315683605
0.504666487408413
0.957416597518873
0.156149315683605
0.504666487408413
0.957416597518873
0.156149315683605
0.504666487408413
0.957416597518873
0.156149315683605
0.504666487408413
0.957416597518873
0.156149315683605
0.504666487408413
0.957416597518873
0.156149315683605
0.504666487408413
0.957416597518873
0.156149315683605
0.504666487408413
0.957416597518873
0.156149315683605
0.504666487408413
0.957416597518873
0.156149315683605
0.504666487408413
0.957416597518873
0.156149315683605
0.504666487408413
0.957416597518873
0.156149315683605
0.504666487408413
0.957416597518873
0.156149315683605
0.504666487408413
0.957416597518873
0.156149315683605
0.504666487408413
0.957416597518873
0.156149315683605
0.504666487408413
0.957416597518873
0.156149315683605
0.504666487408413
0.957416597518873
0.156149315683605
0.504666487408413
0.957416597518873
0.156149315683605
0.504666487408413
0.957416597518873
0.156149315683605
0.504666487408413
0.957416597518873
0.156149315683605
0.504666487408413
0.957416597518873
0.156149315683605
0.504666487408413
0.957416597518873
0.156149315683605
0.504666487408413
0.957416597518873
0.156149315683605
0.504666487408413
0.957416597518873
0.156149315683605
0.504666487408413
0.957416597518873
0.156149315683605
0.504666487408413
0.957416597518873
0.156149315683605
0.504666487408413
0.957416597518873
0.156149315683605
0.504666487408413
0.957416597518873
0.156149315683605
0.504666487408413
0.957416597518873
0.156149315683605
0.504666487408413
0.957416597518873
0.156149315683605
0.504666487408413
0.957416597518873
0.156149315683605
0.504666487408413
0.957416597518873
0.156149315683605
0.504666487408413
0.957416597518873
0.156149315683605
0.504666487408413
0.957416597518873
0.156149315683605
0.504666487408413
0.957416597518873
0.156149315683605
0.504666487408413
0.957416597518873
0.156149315683605
0.504666487408413
0.957416597518873
0.156149315683605
0.504666487408413
0.957416597518873
0.156149315683605
0.504666487408413
0.957416597518873
0.156149315683605
0.504666487408413
0.957416597518873
0.156149315683605
0.504666487408413
0.957416597518873
0.156149315683605
0.504666487408413
0.957416597518873
0.156149315683605
0.504666487408413
0.957416597518873
0.156149315683605
0.504666487408413
0.957416597518873
0.156149315683605
0.504666487408413
0.957416597518873
0.156149315683605
0.504666487408413
0.957416597518873
0.156149315683605
0.504666487408413
0.957416597518873
0.156149315683605
0.504666487408413
0.957416597518873
0.156149315683605
0.504666487408413
0.957416597518873
0.156149315683605
